variables: isRHC NeutrinoCode Enu Enu
0 14 0 0.4
0 14 0.4 0.5
0 14 0.5 0.6
0 14 0.6 0.7
0 14 0.7 1
0 14 1 1.5
0 14 1.5 2.5
0 14 2.5 3.5
0 14 3.5 5
0 14 5 7
0 14 7 30
0 -14 0 0.7
0 -14 0.7 1
0 -14 1 1.5
0 -14 1.5 2.5
0 -14 2.5 30
0 12 0 0.5
0 12 0.5 0.7
0 12 0.7 0.8
0 12 0.8 1.5
0 12 1.5 2.5
0 12 2.5 4
0 12 4 30
0 -12 0 2.5
0 -12 2.5 30
1 14 0 0.7
1 14 0.7 1
1 14 1 1.5
1 14 1.5 2.5
1 14 2.5 30
1 -14 0 0.4
1 -14 0.4 0.5
1 -14 0.5 0.6
1 -14 0.6 0.7
1 -14 0.7 1
1 -14 1 1.5
1 -14 1.5 2.5
1 -14 2.5 3.5
1 -14 3.5 5
1 -14 5 7
1 -14 7 30
1 12 0 2.5
1 12 2.5 30
1 -12 0 0.5
1 -12 0.5 0.7
1 -12 0.7 0.8
1 -12 0.8 1.5
1 -12 1.5 2.5
1 -12 2.5 4
1 -12 4 30
-2 0 0 0.4
-2 0 0.4 0.5
-2 0 0.5 0.6
-2 0 0.6 0.7
-2 0 0.7 1
-2 0 1 1.5
-2 0 1.5 2.5
-2 0 2.5 3.5
-2 0 3.5 5
-2 0 5 7
-2 0 7 30
-2 0 0 0.7
-2 0 0.7 1
-2 0 1 1.5
-2 0 1.5 2.5
-2 0 2.5 30
-2 0 0 0.5
-2 0 0.5 0.7
-2 0 0.7 0.8
-2 0 0.8 1.5
-2 0 1.5 2.5
-2 0 2.5 4
-2 0 4 30
-2 0 0 2.5
-2 0 2.5 30
-2 0 0 0.7
-2 0 0.7 1
-2 0 1 1.5
-2 0 1.5 2.5
-2 0 2.5 30
-2 0 0 0.4
-2 0 0.4 0.5
-2 0 0.5 0.6
-2 0 0.6 0.7
-2 0 0.7 1
-2 0 1 1.5
-2 0 1.5 2.5
-2 0 2.5 3.5
-2 0 3.5 5
-2 0 5 7
-2 0 7 30
-2 0 0 2.5
-2 0 2.5 30
-2 0 0 0.5
-2 0 0.5 0.7
-2 0 0.7 0.8
-2 0 0.8 1.5
-2 0 1.5 2.5
-2 0 2.5 4
-2 0 4 30
