variables: CosThetamu CosThetamu Pmu Pmu
-1 0.68 0 300
-1 0.68 300 350
-1 0.68 350 400
-1 0.68 400 450
-1 0.68 450 500
-1 0.68 500 550
-1 0.68 550 600
-1 0.68 600 650
-1 0.68 650 700
-1 0.68 700 750
-1 0.68 750 800
-1 0.68 800 850
-1 0.68 850 900
-1 0.68 900 950
-1 0.68 950 1000
-1 0.68 1000 1100
-1 0.68 1100 1200
-1 0.68 1200 30000
0.68 0.84 0 300
0.68 0.84 300 350
0.68 0.84 350 400
0.68 0.84 400 450
0.68 0.84 450 500
0.68 0.84 500 550
0.68 0.84 550 600
0.68 0.84 600 650
0.68 0.84 650 700
0.68 0.84 700 750
0.68 0.84 750 800
0.68 0.84 800 850
0.68 0.84 850 900
0.68 0.84 900 950
0.68 0.84 950 1000
0.68 0.84 1000 1100
0.68 0.84 1100 1200
0.68 0.84 1200 1300
0.68 0.84 1300 1500
0.68 0.84 1500 30000
0.84 0.88 0 300
0.84 0.88 300 350
0.84 0.88 350 400
0.84 0.88 400 450
0.84 0.88 450 500
0.84 0.88 500 550
0.84 0.88 550 600
0.84 0.88 600 650
0.84 0.88 650 700
0.84 0.88 700 750
0.84 0.88 750 800
0.84 0.88 800 850
0.84 0.88 850 900
0.84 0.88 900 950
0.84 0.88 950 1000
0.84 0.88 1000 1100
0.84 0.88 1100 1200
0.84 0.88 1200 1300
0.84 0.88 1300 1500
0.84 0.88 1500 1750
0.84 0.88 1750 2000
0.84 0.88 2000 30000
0.88 0.92 0 300
0.88 0.92 300 350
0.88 0.92 350 400
0.88 0.92 400 450
0.88 0.92 450 500
0.88 0.92 500 550
0.88 0.92 550 600
0.88 0.92 600 650
0.88 0.92 650 700
0.88 0.92 700 750
0.88 0.92 750 800
0.88 0.92 800 850
0.88 0.92 850 900
0.88 0.92 900 950
0.88 0.92 950 1000
0.88 0.92 1000 1100
0.88 0.92 1100 1200
0.88 0.92 1200 1300
0.88 0.92 1300 1500
0.88 0.92 1500 1750
0.88 0.92 1750 2000
0.88 0.92 2000 2500
0.88 0.92 2500 3000
0.88 0.92 3000 5000
0.88 0.92 5000 30000
0.92 0.95 0 300
0.92 0.95 300 350
0.92 0.95 350 400
0.92 0.95 400 450
0.92 0.95 450 500
0.92 0.95 500 550
0.92 0.95 550 600
0.92 0.95 600 650
0.92 0.95 650 700
0.92 0.95 700 750
0.92 0.95 750 800
0.92 0.95 800 850
0.92 0.95 850 900
0.92 0.95 900 950
0.92 0.95 950 1000
0.92 0.95 1000 1100
0.92 0.95 1100 1200
0.92 0.95 1200 1300
0.92 0.95 1300 1500
0.92 0.95 1500 1750
0.92 0.95 1750 2000
0.92 0.95 2000 2500
0.92 0.95 2500 3000
0.92 0.95 3000 5000
0.92 0.95 5000 30000
0.95 0.98 0 300
0.95 0.98 300 350
0.95 0.98 350 400
0.95 0.98 400 450
0.95 0.98 450 500
0.95 0.98 500 550
0.95 0.98 550 600
0.95 0.98 600 650
0.95 0.98 650 700
0.95 0.98 700 750
0.95 0.98 750 800
0.95 0.98 800 850
0.95 0.98 850 900
0.95 0.98 900 950
0.95 0.98 950 1000
0.95 0.98 1000 1100
0.95 0.98 1100 1200
0.95 0.98 1200 1300
0.95 0.98 1300 1500
0.95 0.98 1500 1750
0.95 0.98 1750 2000
0.95 0.98 2000 2500
0.95 0.98 2500 3000
0.95 0.98 3000 5000
0.95 0.98 5000 30000
0.98 1.0 0 300
0.98 1.0 300 350
0.98 1.0 350 400
0.98 1.0 400 450
0.98 1.0 450 500
0.98 1.0 500 550
0.98 1.0 550 600
0.98 1.0 600 650
0.98 1.0 650 700
0.98 1.0 700 750
0.98 1.0 750 800
0.98 1.0 800 850
0.98 1.0 850 900
0.98 1.0 900 950
0.98 1.0 950 1000
0.98 1.0 1000 1100
0.98 1.0 1100 1200
0.98 1.0 1200 1300
0.98 1.0 1300 1500
0.98 1.0 1500 1750
0.98 1.0 1750 2000
0.98 1.0 2000 2500
0.98 1.0 2500 3000
0.98 1.0 3000 5000
0.98 1.0 5000 30000