variables: TrueCosThetamu TrueCosThetamu TruePmu TruePmu
-1 0.68 0 300
-1 0.68 300 600
-1 0.68 600 750
-1 0.68 750 900
-1 0.68 900 30000
0.68 0.84 0 300
0.68 0.84 300 600
0.68 0.84 600 750
0.68 0.84 750 900
0.68 0.84 900 30000
0.84 0.88 0 300
0.84 0.88 300 600
0.84 0.88 600 750
0.84 0.88 750 900
0.84 0.88 900 1200
0.84 0.88 1200 1500
0.84 0.88 1500 2000
0.84 0.88 2000 30000
0.88 0.92 0 300
0.88 0.92 300 600
0.88 0.92 600 750
0.88 0.92 750 900
0.88 0.92 900 1200
0.88 0.92 1200 1500
0.88 0.92 1500 2000
0.88 0.92 2000 30000
0.92 0.95 0 300
0.92 0.95 300 600
0.92 0.95 600 750
0.92 0.95 750 900
0.92 0.95 900 1200
0.92 0.95 1200 1500
0.92 0.95 1500 2000
0.92 0.95 2000 30000
0.95 0.98 0 300
0.95 0.98 300 600
0.95 0.98 600 750
0.95 0.98 750 900
0.95 0.98 900 1200
0.95 0.98 1200 1500
0.95 0.98 1500 2000
0.95 0.98 2000 30000
0.98 1.0 0 300
0.98 1.0 300 600
0.98 1.0 600 750
0.98 1.0 750 900
0.98 1.0 900 1200
0.98 1.0 1200 1500
0.98 1.0 1500 2000
0.98 1.0 2000 30000